tree
version=v4
num_class=1
num_tree_per_iteration=1
label_index=0
max_feature_idx=71
objective=lambdarank
feature_names=Low VIX High MACD Open Close ATR_14 BB_Mid EMA_50 ROC_5d ROC_6m RSI_14 SMA_20 Volume EMA_200 ROC_12m ROC_20d SMA_200 STOCH_D STOCH_K BB_Lower BB_Upper DXY_Level HYG_Level LQD_Level Month_Cos Month_Sin Return_1d Return_5d HistVol_30 Return_20d Treasury3M Close_lag_5 GoldenCross HYG_Mom_20d HiRatio_52w LQD_Mom_20d LoRatio_52w MACD_Signal Treasury10Y VIX_20d_Avg Close_lag_10 Close_lag_20 EMA_Slope_10 EMA_Slope_20 Volume_lag_5 WTI_Beta_60d HYG_LQD_Ratio RS_vs_SPY_20d WorldBank_GDP DXY_Return_20d EarningsSeason PriceToHigh_5d PriceToLow_20d RollingStd_20d WTI_Return_20d Wheat_Beta_60d Copper_Beta_60d PriceToHigh_20d RollingMean_20d RollingSkew_20d CurveSlope_10M3M VolumePriceTrend Wheat_Return_20d Copper_Return_20d RollingSharpe_20d VIX_RealVol_Ratio SectorETF_60d_Corr WorldBank_Real_GDP RS_vs_SectorETF_20d WorldBank_Inflation WorldBank_Consumption
feature_infos=[9.9999997473787516e-06:1094.422806575865] [11.930000305175779:45.310001373291016] [9.9999997473787516e-06:1125.4340717534508] [-119.98829156148798:61.792498921322249] [9.9999997473787516e-06:1118.010149915382] [9.9999997473787516e-06:1095.6285400390625] [0:87.325714111328125] [5.0499998724262693e-05:1056.8630401611329] [7.4936902589391454e-05:1022.5850409897467] [-0.992857142965752:89.000002341611037] [-0.99166666625274558:88.857141929621605] [0:99.999999209039757] [5.0499998724262693e-05:1056.8630401611329] [0:649445800] [0.00013497345260089888:1469.4098723956376] [-0.99415584427380022:56.188658037050715] [-0.992857142965752:62.857139588010568] [9.82999975713028e-05:1056.6599975585937] [0:99.999999990762078] [0:99.999999998322167] [-63.299925496390777:994.91999515770078] [9.9999997473787516e-05:1168.4954913509123] [97.180000305175781:109.65000152587891] [68.064033508300781:78.385276794433594] [96.889488220214844:109.36795043945312] [-1:1] [-1:1] [-0.60888889100816512:1.2346938924459749] [-0.992857142965752:89.000002341611037] [0:19.402211957642947] [-0.992857142965752:62.857139588010568] [3.5250000953674316:5.244999885559082] [9.9999997473787516e-06:1095.6285400390625] [0:1] [-0.029156739030894663:0.031928193254486148] [0.0045454546771059173:0.99999999999906641] [-0.040598167515039307:0.03648624825853708] [0.99990000999647444:161.00000355402756] [-148.48127454204891:53.816787290654361] [3.6500000953674321:4.7760000228881836] [12.538999938964844:32.263500213623047] [9.9999997473787516e-06:1070.9539794921875] [9.9999997473787516e-06:1083.557373046875] [-75.361837166493387:55.340025239457162] [-56.272597848970577:39.654906308129171] [0:835065000] [-6.8625718332420602:91.894521323429899] [0.68516708360343648:0.73207286574515384] [-0.074921682353946667:3.533350184909879] none [-0.044201004012781486:0.038239434747098677] [0:1] [0.099999000009974637:0.99999999999906641] [0.99990000999647444:90.000001055896746] [0:15.759402401427458] [-0.12935020802778718:0.21698880423211439] [-37.554295249239914:8.2023704819513661] [-8.4702438649203113:199.00678659541833] [0.007142857033519235:0.99999999999906641] [-0.075092167828852835:3.5308292310555638] [-4.4721359549996871:4.4721359550074302] [-1.2380001544952393:0.66899967193603516] [-225360660.6006636:547706016.63683593] [-0.18975468975468979:0.18355293048614271] [-0.22833346681077815:0.15582259050025016] [-1.0179976080061051:1.1555926028126171] [0.76448792026022172:21879999160.766602] [-0.94963517122800201:1] none [-0.073730951732077415:3.5314238317876545] none none
tree_sizes=6926 6866 6914 6896 6883 6869 6903 6882

Tree=0
num_leaves=63
num_cat=0
split_feature=37 54 22 66 10 10 22 53 23 35 6 37 14 25 66 62 24 15 45 17 42 64 45 66 63 17 40 22 6 54 45 40 4 23 3 15 7 17 62 17 64 67 17 69 64 64 66 27 59 45 52 64 42 40 10 27 21 52 66 67 10 66
split_gain=5.58337 3.78817 3.33388 4.00451 2.97827 2.82539 2.8018 2.41605 2.27685 4.40949 2.25151 2.14309 2.02068 1.84747 1.72115 1.55554 1.53706 1.49056 1.48889 1.44966 1.43582 1.42858 1.62014 1.41514 1.39914 1.35514 1.33059 1.32413 1.22221 1.70635 1.1073 1.08136 1.06775 1.03593 1.03282 1.00459 0.993214 1.64708 1.23939 1.40449 0.963876 0.952595 1.07436 0.94412 1.05523 0.939877 1.08164 0.890765 0.861572 0.842332 0.823345 0.967319 0.814031 0.794624 0.775984 0.825355 0.84426 0.765164 0.755594 0.748166 0.935839 0.74479
threshold=1.7025844739227669 0.052925163748170509 103.60499954223634 43.08255730459998 1.7452884094647489 0.12926230640130645 103.34999847412111 1.2471852185547478 73.263641357421889 0.68106052199900746 2.4877366716830669 1.4046228617321208 4.7001795505278254 -0.9330127018922193 69.187524590693428 -38993.162700863744 108.6084442138672 -0.38260225010583404 334428.50000000006 24.733964109420778 29.110151290893558 0.13479177128648548 955650.00000000012 19.742696871262179 -0.038736101006003158 4.9367499935626986 17.128750038146979 105.4300003051758 2.4877366716830669 0.084194041882724516 3539550.0000000005 17.128750038146979 1.0549999475479128 73.430278778076186 -0.39179549137118735 -0.84533607500478081 46.291726398468022 35.503101868629464 395549.30034434918 21.197800018787387 0.0025966267391870361 0.21712931433798652 2.9957874867320062 0.004841668719243475 0.0025966267391870361 0.039530287014580508 10.859329395227073 0.021366091662379131 0.0076392314555594788 35626500.000000007 0.96796357563540869 0.13479177128648548 3.5225000381469731 16.696500205993654 -0.54131295533143631 -0.015447408854954823 48.20084612337795 0.84925309255375281 53.032041093873467 -0.37236979582178353 0.072950416717801905 17.882538655228149
decision_type=2 2 2 2 2 2 2 2 2 2 2 2 2 2 2 2 2 2 2 2 2 2 2 2 2 2 2 2 2 2 2 2 2 2 2 2 2 2 2 2 2 2 2 2 2 2 2 2 2 2 2 2 2 2 2 2 2 2 2 2 2 2
left_child=1 2 3 34 7 8 17 24 12 -10 45 16 27 18 21 53 50 32 -13 20 -7 22 40 -12 43 -14 49 30 31 -30 -4 52 -3 -19 -1 -8 38 -38 39 41 -9 -26 -43 44 -2 46 -6 -15 57 54 -5 59 -24 -11 -27 56 -56 -41 -17 60 -52 -59
right_child=4 6 5 11 10 19 35 14 9 15 23 13 25 47 -16 58 -18 33 -20 -21 -22 -23 28 -25 36 26 -28 -29 29 -31 -32 -33 -34 -35 -36 -37 37 -39 -40 48 -42 42 -44 -45 -46 -47 -48 -49 -50 -51 51 -53 -54 -55 55 -57 -58 61 -60 -61 -62 -63
leaf_value=-0.01932023910466335 0.012573646657220215 0.077335261706073619 -0.026704336567339639 -0.021219677439132931 -0.041024897295153233 -0.026459788828147302 -0.048336425901684216 0.030929611116215575 -0.019321562790400294 0.04481722102793087 -0.071295033859647777 0.083780610565161145 -0.079572133904189352 -0.021006957831302749 0.10000000000000001 0.027176677985215593 0.012281323612328842 0.070704765207984618 -0.0094281948786785127 -0.0036594849783907809 -0.097157161030367173 -0.033132007336907618 0.061282311374262967 0.010888673063982458 0.023102238810078037 -0.051407951183410544 -0.022100236083879621 0.060357197111218203 0.029010608723209153 -0.071859105357401906 0.049449784754645822 0.059403346005758112 0.0057584672467920432 0.026403115572415599 0.0051381608826393177 0.00069777162694071486 -0.048401082395981204 0.0090693358781254348 0.044596403753949895 0.086976414800852164 -0.01490953443730789 0.030536306200356862 -0.013087893800658985 -0.032411588612506537 -0.021914068705365858 -0.028587672893934282 0.038754583648334284 0.019352429838562335 0.080922497685599892 0.051328595279659273 -0.030494673501143016 -0.0050359890330001784 0.0058536594825281917 -0.012749850943516626 0.039858355521020378 -0.0027559252965059511 -0.027952343250400892 -0.038433758373356393 0.063684528326518247 -0.046372038588764299 0.071435323027914402 0.028231571952236151
leaf_weight=5.4949734299443689 6.8837116847280395 0.58512803469784636 1.222923079621981 7.6221700018504697 0.53351514018140722 6.2164680913556358 1.3744701114483175 2.0214005605084919 4.180112591944634 0.95289621897973065 2.2940169152570893 0.91258074063807615 0.6172815448371719 10.024922631564548 0.83781543374061485 1.9360925836954255 1.8080073932651419 2.9596745956223467 0.80758283997420222 8.1741203429410216 0.81198709434829641 0.94566113501787086 0.96911906334571396 0.67879405221901823 5.1838952323887559 0.68113290180918262 7.4029984796652561 2.0219347318634391 2.2431553344940762 0.5156402172287925 0.78291315538808692 6.5371594234602526 4.7565276275854558 2.381217741407454 20.12175394478254 4.3517224863171569 1.4200072203529988 10.215921330964191 4.1833954128669566 0.47735275398008425 2.6505193236516789 1.7806178298778812 6.8056441189255565 2.5796248316764823 3.2723741934169084 1.3712511758785693 2.0859769550152123 1.5830287589924399 0.90883109858259548 0.87025767914019603 0.94500294921454642 1.7647211141884316 2.0928169026738033 1.6161324793938545 2.3853439481463332 11.753659147070714 0.56837973010260601 0.47953218803741071 5.2889803773723543 17.697065200773068 0.29562893649563193 3.3168742028065026
leaf_count=1001 1059 62 196 1342 63 839 78 301 706 122 222 27 51 1867 3 220 297 255 155 1633 11 119 121 122 757 59 1276 219 351 62 69 552 710 377 3247 739 40 2060 535 25 423 235 1061 385 581 217 275 210 56 70 185 271 298 281 310 2208 139 32 480 3286 27 444
internal_value=0.000296462 -0.00545555 -0.00838611 -0.015789 0.011518 0.000509821 0.0171479 0.0147841 0.00715678 0.0236705 -0.0195888 -0.0250315 -0.000995554 -0.0083369 0.0299493 0.0420195 -0.0324157 0.0322747 0.0400209 -0.0179766 -0.0346274 0.0266843 0.0300059 -0.0525297 0.00877864 -0.00643669 -0.00452876 0.0318032 0.0394883 0.0101573 0.00301996 0.047918 0.013599 0.050953 -0.000108343 -0.011072 0.0139716 0.00205585 0.0199644 0.0145275 0.0049237 0.00617724 -0.00404111 -0.00539957 0.00146142 0.00494968 0.0225058 -0.015503 0.036714 0.00347195 -0.0352688 -0.0404414 0.0233971 0.00860275 0.000765538 0.00318181 0.0268097 0.0273129 0.0539016 -0.0437407 -0.00620588 0.0198109
internal_weight=216.254 142.97 126.561 69.0774 73.2846 57.4836 16.4087 66.3211 42.281 13.9742 6.96355 43.4607 28.3068 13.3281 18.8133 9.7941 30.1326 10.6825 1.72016 15.2026 7.02846 17.9755 17.0298 2.97281 47.5078 24.2791 23.6618 4.02777 12.3579 2.7588 2.00584 9.5991 5.34166 5.34089 25.6167 5.72619 34.7721 11.6359 23.1361 18.9527 4.67192 13.7702 8.58626 12.7357 10.1561 3.99074 2.61949 11.608 5.18259 16.2588 28.3246 20.7024 3.06194 2.56903 15.3885 14.7074 2.95372 4.27376 7.22507 18.9377 1.24063 3.79641
internal_count=33424 23025 20804 11915 10399 8889 2221 9500 6406 1809 899 7667 4597 2259 2230 1103 5408 1404 182 2483 850 2227 2108 344 7270 4113 4062 484 1384 413 265 971 772 632 4248 817 5245 2100 3145 2610 724 2053 1296 2025 1640 555 338 2077 557 2786 5111 3769 419 403 2716 2657 449 501 700 3498 212 476
is_linear=0
shrinkage=0.05


Tree=1
num_leaves=63
num_cat=0
split_feature=37 4 53 22 23 66 66 42 37 67 62 17 61 48 24 46 24 63 66 67 57 17 17 62 34 13 2 22 46 51 26 37 19 14 35 66 1 59 52 4 32 27 46 56 17 7 38 15 18 46 39 19 61 66 32 34 64 60 67 60 46 40
split_gain=23.2778 20.1992 6.8897 4.63169 6.21894 11.6989 4.59003 4.35721 4.30654 3.54025 3.50671 3.50178 2.93051 2.8544 3.33735 2.63287 2.59226 2.55424 2.26293 2.20813 2.5716 2.432 2.18554 2.11552 2.09569 2.06346 2.76956 2.3929 2.64823 2.41738 2.03551 1.97149 2.77475 1.95523 1.9197 1.9017 2.12628 1.89553 2.2836 2.23412 2.05245 1.86716 1.625 2.64887 1.96172 1.61004 4.30113 1.60217 1.56876 1.56773 1.54479 1.52514 1.72834 1.50404 1.46258 1.47952 1.45936 1.63802 1.42975 1.3933 1.37186 1.80353
threshold=1.7025844739227669 1.0549999475479128 1.2266027223204408 103.17499923706056 73.263641357421889 53.032041093873467 31.94582423839422 17.340004920959476 1.4425110185342962 0.57096640368771168 -5650.4247023979688 104.65263156890872 -0.9114999771118163 -0.0044769583853123312 103.18343734741212 1.3661197919249124 108.6084442138672 -0.036382600688394877 40.943146965913392 -0.12331985652814541 0.98732271957469231 22.59399080753327 1.3245974990725518 316300.12134015776 0.013690300498578448 890650.00000000012 1.9010835661544661 105.77000045776367 0.44261578120771028 1.0000000180025095e-35 0.93301270189221952 1.1145014823233139 58.409974456351875 31.367697419283171 0.66709885429756166 54.027052799185107 21.889999389648441 0.0018574144003102562 0.96061332585292403 3.3165204524993901 2.1750000715255742 -0.0022060529176583517 0.046407480445765474 0.38544080890613158 2.1584500020742419 37.454036426544199 0.66288100873184663 -0.22493421087672619 86.931065099069357 -0.060499089591713823 4.368000030517579 38.731435209221125 -0.84499979019165028 23.28608816023057 2.4016381502151494 0.0075708557329096102 0.043193655830114704 0.38442916848929115 0.75106247773140822 0.26529184071875728 0.94250529476689648 23.322500038146977
decision_type=2 2 2 2 2 2 2 2 2 2 2 2 2 2 2 2 2 2 2 2 2 2 2 2 2 2 2 2 2 2 2 2 2 2 2 2 2 2 2 2 2 2 2 2 2 2 2 2 2 2 2 2 2 2 2 2 2 2 2 2 2 2
left_child=1 13 11 6 7 -6 15 37 10 25 30 17 -9 -1 -15 -3 35 -2 19 33 21 23 -11 -21 -20 -4 -27 28 42 -30 -7 32 -12 49 -23 60 45 38 -5 40 -39 -41 43 44 -28 46 -37 -17 -33 -19 -51 -24 -53 -25 -29 -56 58 -58 -54 -46 61 -8
right_child=2 3 9 4 5 8 16 12 -10 22 31 -13 -14 14 -16 47 -18 18 24 20 -22 34 51 53 -26 26 27 54 29 -31 -32 48 -34 -35 -36 36 -38 39 -40 41 -42 -43 -44 -45 59 -47 -48 -49 -50 50 -52 52 56 -55 55 -57 57 -59 -60 -61 -62 -63
leaf_value=0.074665772719368959 -0.0068973650627228954 -0.010682922838959961 -0.0104887294409117 0.0056821966785846022 -0.039908116290550355 0.025576182910957063 -0.022252357043176855 -0.0054926884900033807 -0.045157780606312474 0.077424163503215515 -0.033029142543735353 -0.018102507329422549 -0.038263778193118964 -0.020679096661516641 0.065136595091771665 0.0042659844508323129 0.0052926261478026477 0.031663107982760112 0.0079190447517621942 0.0057627706997484159 -0.0057738118464064833 0.075108005474294762 -0.0077047259153678457 0.061230826819673304 -0.033616746573612924 0.066545647797441917 0.046901931772260951 -0.086401914464443813 0.011957173684850693 -0.067697063520772496 -0.041325203123220682 0.05906700287360394 0.052585026950733062 -0.065364978849590138 0.03433291938318242 -0.031987217395792883 -0.068114971787618814 -0.014744403840513592 -0.026890878005583596 0.02305862222531516 0.070595766350505199 -0.026911666886303528 0.055151121051087951 0.059291821202636721 0.018940946751080351 -0.045979037994357569 0.072125375692395341 0.089755058532126397 0.017079781378974184 0.003508213864558666 -0.062326918555210442 -0.0029862511460023626 0.058603377958487371 0.016964295953174707 0.019615361927495942 -0.057265772488756563 0.043624087932464667 0.0018485170900199696 0.033519125710099205 -0.052987691792989781 0.0056043078470386044 -0.058089450505349617
leaf_weight=6.8637923861388117 18.088436453370377 30.354871697258204 6.8008311870507923 10.326684193219991 8.4966630788985622 2.4467770888004514 21.738423277623959 9.7089588269591314 1.8664953585248429 3.007044678553938 1.8361884942278295 12.876656376873141 22.940881764050573 2.1981982837896776 2.3378735925070941 1.1215146230533721 4.7903138943947843 3.4441595349926493 13.832198854302989 12.826688365777956 6.0402061487548044 3.838027673540636 2.1565968522336325 3.8122282952535889 3.8911457411013535 2.8987290621735182 1.2408315071370504 0.72744838800281231 3.6797421453520647 1.2851737034507094 2.1238478689920157 12.282923512859268 1.9529888464603571 1.0900044876616437 11.644108689273706 7.4651449571829342 6.2169691196177146 0.97329334029927705 11.234532137634231 3.8429499533958733 2.5514985602349043 3.6400755206122994 5.3880924799013883 2.4752881401218474 1.0324275901075455 13.119601804297416 1.1440351607743648 1.0718513266183425 2.7166850734502068 3.6769208072219035 1.1760168327018616 2.6754207322373977 11.032617848948577 3.8636603485792875 1.824241000460461 0.9525293728802352 4.5879646483808738 4.8028432086575776 11.710223224945365 1.9352742659393696 3.4308469737879923 4.1869280225364482
leaf_count=118 1789 2952 509 739 1483 210 3037 1223 163 47 58 1314 3613 74 35 114 563 172 1006 1080 384 106 86 124 293 63 34 21 156 51 248 275 56 63 603 1312 1191 96 1047 290 93 450 168 88 54 2470 52 29 89 174 98 148 324 139 87 104 223 306 466 119 275 670
internal_value=0.000998318 -0.0103523 0.0146595 -0.0141612 -0.00659713 0.0108356 -0.0220691 -0.015611 0.0279272 0.026667 0.033767 0.00623703 -0.0285188 0.0543265 0.02355 -0.00686029 -0.0300414 0.00983022 0.0142068 0.019518 0.0244154 0.0294828 0.0364324 0.0181873 -0.0012001 0.0137588 0.0207941 0.0143376 0.0220773 -0.00866141 -0.00551111 0.0433219 0.0110975 -0.00240686 0.0444411 -0.0329952 -0.042331 -0.00267129 -0.0112901 0.0142105 0.047031 -0.00124914 0.0347195 0.0182487 -0.00589117 -0.0349537 -0.0181522 0.0460427 0.0514624 0.00586406 -0.0124457 0.0330978 0.0356258 0.0389493 -0.0232911 -0.00675756 0.0388406 0.0222584 0.0456876 -0.0279646 -0.024108 -0.02804
internal_weight=375.296 204.982 170.314 193.582 98.9414 33.7226 94.6405 65.2189 25.2259 70.2133 23.3594 100.1 32.6498 11.3999 4.53607 32.5482 62.0923 87.2238 69.1354 51.412 42.0249 35.9847 39.9727 20.5026 17.7233 30.2406 23.4398 20.541 17.0368 4.96492 4.57062 18.7888 3.78918 9.3871 15.4821 57.3019 27.9458 32.569 21.5612 11.0078 3.52479 7.48303 12.0719 6.68382 4.20853 21.7288 8.60918 2.19337 14.9996 8.2971 4.85294 36.9657 34.8091 7.67589 3.50422 2.77677 32.1336 9.39081 22.7428 2.9677 29.3562 25.9254
internal_count=33424 23025 10399 22798 10133 2582 12665 7551 1099 3054 936 7345 4836 227 109 3095 9570 6031 4242 2943 2436 2052 1600 1343 1299 1454 945 882 670 207 458 478 114 507 709 9007 5025 2715 1786 929 189 740 463 295 207 3834 1364 143 364 444 272 1553 1467 263 212 191 1319 529 790 173 3982 3707
is_linear=0
shrinkage=0.05


Tree=2
num_leaves=63
num_cat=0
split_feature=54 14 64 66 13 55 57 48 17 66 57 46 35 38 53 22 63 61 29 6 67 54 15 56 15 15 8 36 10 15 25 34 64 57 35 61 64 22 46 55 10 18 10 38 1 48 33 67 30 22 38 22 63 27 54 46 67 15 56 54 61 56
split_gain=30.1182 12.4256 5.96807 6.58087 5.73008 5.23271 4.9128 4.89281 4.35489 3.28268 3.18973 3.18111 2.99207 2.97202 2.83708 2.73175 2.57797 2.5441 2.4767 2.66533 2.40622 3.04936 2.55408 2.36976 2.24847 2.10036 2.0346 1.99182 2.03474 1.85583 1.87017 1.75772 1.70273 1.59011 1.87451 2.13124 2.43199 2.09435 1.84793 1.54785 1.53901 1.52994 1.58696 1.65103 1.5272 1.50006 1.4993 1.43632 1.74437 1.57957 1.41039 1.5192 1.41716 1.33621 1.74936 1.32346 1.31949 1.30485 1.29479 1.29356 1.27922 1.3575
threshold=0.035609972848681226 1.7215437215838076 0.043193655830114704 46.669986000808066 1550200.0000000002 0.015123054263390558 -0.79837555091940249 0.00082128304524413951 2.8548010328412059 56.891930396105934 0.057485220884557493 0.58836580236117098 0.85146312506800281 -0.2983841580323276 1.26957551978561 104.79999923706056 -0.051408898247824956 0.13700008392333987 0.98119401522997263 0.56285713400159576 0.24196583717806081 0.086914633232004712 -0.45254283723899053 0.22510218798513026 0.48764343861446152 0.36887938879180032 1.5125202613572439 0.0067479837499722093 0.12607916226028329 1.4739191140209098 -0.68301270189221952 0.010299421682260392 0.0025966267391870361 1.6475979277547264 0.3832769679904538 0.11100006103515628 0.056560623567168629 99.534999847412124 -0.36324018738112701 -0.011534509955745674 0.37760433126987808 78.04975258920426 0.13908747720015271 -0.02248055049774968 16.384999275207523 0.0053059155520205166 1.0000000180025095e-35 0.2864987141621857 0.25588923109429501 104.94499969482423 5.7013119425859831 103.17499923706056 0.016784652169348772 0.014167454726939368 0.013712602897659899 0.38098620202121575 0.23374922750903213 0.83384098799742989 0.40586592100183622 0.089633158114099637 -0.81849992275238026 -0.25136179885281074
decision_type=2 2 2 2 2 2 2 2 2 2 2 2 2 2 2 2 2 2 2 2 2 2 2 2 2 2 2 2 2 2 2 2 2 2 2 2 2 2 2 2 2 2 2 2 2 2 2 2 2 2 2 2 2 2 2 2 2 2 2 2 2 2
left_child=2 6 3 8 13 7 -2 17 15 -9 -8 14 20 -3 23 -1 32 -4 19 -13 21 22 -12 41 39 -18 -15 45 -29 30 -25 -21 44 34 -16 38 37 57 -36 -10 -20 42 43 -6 -5 -11 58 -26 49 -49 51 55 -53 -7 -55 -48 -19 -37 -28 -42 -57 -62
right_child=1 4 5 16 11 53 10 9 24 27 12 18 -14 26 33 -17 25 56 40 31 -22 -23 -24 29 47 -27 46 28 -30 -31 -32 -33 -34 -35 35 36 -38 -39 -40 -41 59 -43 -44 -45 -46 -47 50 48 -50 -51 -52 52 -54 54 -56 60 -58 -59 -60 -61 61 -63
leaf_value=-0.0037758636056770046 -0.043084683809346769 -0.024396224934585386 -0.029828884941240131 -0.047819368941632377 -0.0136283510155027 -0.033903573493722666 0.073667586494888956 0.004429123573845826 -0.03111905333008862 -0.012463441511822902 0.078859484793006765 -0.026669671326814665 -0.0076538443472836323 0.04825160817930596 -0.043945619206579224 0.070034748848649561 -0.049997920893353975 -0.017607900102342203 0.058522106525723906 0.0068174319680829355 0.06209733828830586 -0.033862840296658189 0.0012826002756177709 0.018182117579691178 0.021127130695373864 -0.024280060571756447 -0.017584427954947392 0.062191992280582968 -0.004526452003510496 0.016845471617267831 -0.038045604543920294 0.051049399109143946 0.0092890625771139147 0.060823990054162794 -0.018806709049483752 0.0083650607255601021 -0.028095945053404466 -0.013891550297765343 0.046003173002340469 -0.0091226859322235381 0.036525968835738352 -0.029508070506247503 0.026387539749672447 0.021327224230167103 -0.0091694716335463649 0.065622693842274024 0.034885866832617976 -0.004136408283136603 0.037456716267401505 -0.047399636107506714 -0.044117725671357681 0.0060260664607371785 -0.045710036142673854 0.054604638777279571 -0.016899602756969473 0.057871995071486042 0.012300386129491558 0.059186666480503261 0.016778777025022149 -0.030387748416621098 0.039434686049126956 -0.03907759350924167
leaf_weight=2.3681450036820015 1.4953207965008939 12.650626418646423 9.5256988925393689 4.9102328415028733 7.3931902132462719 12.718350300798194 9.4171315657440591 13.521630470640959 17.960646840278059 2.4836112449411298 2.3986802189610894 2.8296151096001294 3.0116616918239734 2.3732216614298514 1.0814155237749279 2.6633978770114481 23.610532903810963 5.4770917494315681 9.2197930726688337 4.4833061359822732 9.7472187275998277 1.7422961369156835 1.9025020799599617 1.8607388578820963 5.8489656597375896 11.960698900744317 13.501848631305622 7.680213605752213 1.3425251885782925 3.3926289873197666 7.2053552140714592 4.5009030362125486 4.4685755367390803 2.7057577271480104 1.2357922047376622 1.9916112753562609 3.2866646775510153 2.6089164197910577 10.00019739684649 14.417857947992159 3.4242783329682416 2.1317732555326065 13.838386955903841 6.2199809872545346 5.3305341105442494 0.81747175683267403 8.293669942999264 7.0044639881234598 1.7109939604997624 3.0192189426161349 1.1739765747915942 7.3738458724692446 1.6132337669841943 0.99792421190068026 5.9879641828592867 0.71094699762761626 11.28811255795881 3.4523575010243803 3.4396173106506458 0.9153272381518035 0.76103161135688502 1.9907218262087538
leaf_count=187 37 1474 1301 817 738 1841 196 1283 2486 319 34 254 84 122 74 86 4660 702 328 414 235 54 109 135 416 1562 1317 238 210 192 731 225 391 69 75 86 242 139 368 1618 165 178 800 406 771 36 475 638 77 339 112 553 205 56 695 40 1360 129 252 77 46 165
internal_value=0.00117081 0.0157342 -0.013414 -0.020996 0.00979763 -0.00230348 0.0452346 0.00599231 -0.00904254 0.0214409 0.0499145 0.0172637 0.0380179 -0.00319639 0.0116551 0.0352951 -0.03407 -0.00919455 0.0323841 0.0156485 0.0467285 0.021941 0.0445456 0.00359176 -0.0135076 -0.0413504 0.00330804 0.0401062 0.0522647 -0.0147005 -0.0265053 0.0289767 -0.0164639 0.0245142 0.0203613 0.0234417 0.00814932 0.0229423 0.038875 -0.0213243 0.0469654 0.0112954 0.014464 0.00234317 -0.0277013 0.00687361 0.000563208 0.000885873 -0.00920306 -0.0171677 0.00919795 0.0122154 -0.00326087 -0.0242537 -0.00668532 0.024046 0.00252953 0.0405942 -0.0106077 0.0224123 -0.0019169 -0.017364
internal_weight=354.49 177.376 177.115 105.274 147.661 71.8406 29.7148 52.1364 54.9937 25.8455 28.2195 93.778 18.8024 53.8827 68.4048 5.03154 50.2806 26.2909 25.3732 11.8138 15.7907 6.04348 4.30118 42.0421 49.9621 35.5712 41.2321 12.3238 9.02274 12.4587 9.06609 8.98421 14.7093 26.3627 23.657 22.5755 11.3395 8.05289 11.236 32.3785 13.5594 29.5833 27.4516 13.6132 10.2408 3.30108 38.8589 17.5836 11.7347 10.0237 21.9174 20.7435 8.98708 19.7042 6.98589 11.7564 16.7652 5.44397 16.9415 4.33961 3.4627 2.75175
internal_count=33424 11335 22089 14048 10586 8041 749 5449 5847 2086 712 5825 516 4761 4362 273 8201 3363 1463 893 432 197 143 3180 5574 6222 3287 803 448 1058 866 639 1979 1182 1113 1039 596 354 443 4104 570 2122 1944 1144 1588 355 3165 1470 1054 977 1596 1484 758 2592 751 726 2062 215 1569 242 251 211
is_linear=0
shrinkage=0.05


Tree=3
num_leaves=63
num_cat=0
split_feature=29 14 37 64 66 17 55 66 37 62 20 10 63 35 23 64 37 1 18 26 46 50 13 59 24 29 37 26 47 46 17 65 8 20 17 67 29 38 6 26 14 37 26 61 31 50 48 7 50 3 35 46 4 21 60 50 6 67 34 15 67 56
split_gain=35.8955 14.22 7.8308 6.31535 8.53993 5.69806 5.35816 5.62877 4.63532 3.99915 3.82397 3.53963 3.09091 2.83538 2.57274 2.53475 2.31812 2.35182 2.29539 2.24707 2.19432 2.152 2.13821 3.19578 2.0592 2.04554 1.85729 1.81264 2.42238 1.77758 1.73458 1.69579 1.62931 1.55499 1.55306 2.3766 1.61234 1.48104 1.42369 1.42177 1.45972 1.40336 1.31238 1.31217 1.28569 1.26767 1.25339 1.22978 1.21576 1.17576 1.22703 1.85096 1.17275 2.091 1.13145 1.85737 1.09046 1.32261 1.22757 1.08005 1.88665 1.0598
threshold=0.59781696422570962 1.7215437215838076 1.5241694932268397 0.049663918704761063 46.400902155318612 3.0833249975740915 -0.0066284832194007373 56.891930396105934 1.7025844739227669 434967.37917421066 0.78437512279981847 0.087850101769216052 -0.051408898247824956 0.77045099133053063 73.189388275146499 0.0025966267391870361 1.6850557385275069 15.264999866485597 53.566799167696345 -0.6830127018922193 1.149934022784135 -0.0091025103173636417 890650.00000000012 0.0047209914543976782 103.88618469238283 0.51506746583128471 2.4654510897773902 0.68301270189221941 0.71607842931727039 -0.40127041411470249 104.65263156890872 -0.078460516432852831 0.95048075338751292 33.466156084322542 4.0415250007808217 0.67303425331045585 0.98119401522997263 -0.011752349295772921 1.1260546372342752 -1.0000000180025095e-35 129.2280625051458 1.6184964032441413 0.25000000000000011 -0.81849992275238026 3.8689999580383305 0.005963343440208436 0.0034949492806821253 6.1219999432563794 -0.0063998879643789577 0.083978307988886516 0.28325564212529486 0.10708987822943682 1.0549999475479128 1.9908367538836804 0.6018932086424994 -0.0053027855766650802 3.5821424211774562 0.43160400975663682 0.016095774640989772 -0.29445956497766529 0.73726593367294424 0.035303560640694225
decision_type=2 2 2 2 2 2 2 2 2 2 2 2 2 2 2 2 2 2 2 2 2 2 2 2 2 2 2 2 2 2 2 8 2 2 2 2 2 2 2 2 2 2 2 2 2 2 2 2 2 2 2 2 2 2 2 2 2 2 2 2 2 2
left_child=3 22 10 4 5 19 7 21 43 20 -3 13 15 -9 34 48 17 -8 38 -1 27 -5 23 32 31 -23 -22 -4 -29 47 -10 61 -2 46 37 -36 -37 42 54 40 -18 -14 -12 -7 -40 -25 -13 -20 -6 50 -24 -52 -21 -54 -11 -56 59 -58 -59 60 -31 -15
right_child=1 2 9 6 12 8 16 11 30 18 14 33 41 24 -16 -17 39 -19 29 52 26 25 49 45 -26 -27 -28 28 -30 56 -32 -33 -34 -35 35 36 -38 -39 44 -41 -42 -43 -44 -45 -46 -47 -48 -49 -50 -51 51 -53 53 -55 55 -57 57 58 -60 -61 -62 -63
leaf_value=-0.023691584937528654 0.063893003561736855 0.069198725713911363 0.008406356013221674 -0.032090661834132631 -0.012005875457185197 -0.015102360465318621 0.00089222130709079171 -0.010820389797615076 0.0058513994148097397 0.052472724006796881 0.026743582951689267 0.0041993720436259803 -0.052629151318692724 0.055032176038478979 -0.026485641203006269 0.010277245243211891 0.019237136816413026 -0.045215729906617756 0.044027484343352831 0.086505097697519268 0.061063153255163843 -0.011299846676251413 0.080971730418415308 -0.060941042530990044 -0.015550051986735475 0.035533849057362336 -0.015539926902849261 0.028368754596089635 -0.048076292147383314 -0.023066038674723205 -0.033547016351384018 0.062279184269905009 0.012440805828356378 -0.021213042733241785 -0.020161528765337552 0.0020323597059215817 0.061645413325873658 0.06099791472039421 -0.074896533286392897 -0.034423734337461466 -0.056672533081584146 -0.028747235657469256 -0.054318100752803848 -0.038754731870959548 -0.0033567157869030676 0.016691797744692094 0.076912028790571144 -0.018005892637736495 -0.050094413508002603 0.0681955084209378 0.055261190451667531 0.011544911330303803 -0.024550350557440787 0.052490594258368828 0.043179468030464338 -0.032025415014001891 -0.037202190682197676 0.039466263289050285 -0.022766044562097743 0.04282975896277981 0.056054279010390208 -0.019586909295513197
leaf_weight=1.5005528950132427 3.9942753035575169 1.5148770201485593 44.296334371669218 7.9694233026821193 3.5195420810487112 9.0254853069782275 3.6580446900334236 2.4837785323616144 19.961840995354581 1.8646148706320653 1.5512787192128601 2.0240901615470643 25.065095702419057 0.81278597773052741 16.568021839018911 4.9034959599375716 5.6596507665235549 11.336345612071453 1.1355642252601676 1.3121927110478271 3.2604803622234604 8.4567006940487754 2.0189267965033677 1.1851444374769928 1.17738035484217 3.2189222332090131 1.0448455293662844 1.5142061659134913 3.2833865706343204 1.7206063407938921 3.2482746113091698 9.8173291236162168 2.5026968305464834 4.7240458687301725 10.975840148981662 3.6288318271981543 1.6500123271252958 1.8302451809868241 0.81542364461347494 2.3979582232423109 0.71310654375702132 8.1519842231646162 0.73629966867156316 16.739088423317298 2.7328452905640006 0.94524306245148171 0.83804028294980515 2.6951751669403166 5.1764068971388033 10.461901169968767 6.2437306456267816 3.9550748590845615 1.179181149927899 3.4800350295845419 1.5649723820388317 1.7270284050609916 0.96380292158573766 3.9132673921994865 0.99361933767795552 28.600894598755989 1.3404235625639556 1.1478487416170535
leaf_count=146 80 39 2985 1204 564 1210 441 230 1525 70 97 244 5492 40 2202 398 398 2080 46 15 134 1040 32 68 175 241 97 89 455 92 442 234 98 681 1255 396 76 65 55 262 105 1198 80 2825 160 44 32 187 1043 167 153 113 79 134 51 79 79 186 65 984 41 126
internal_value=0.00132165 0.0173325 0.0106043 -0.0150224 -0.0227591 -0.00966416 -0.00299694 0.00760011 -0.0158692 0.0177645 -0.00866075 0.0243741 -0.0385477 0.038116 -0.0118537 -0.0184691 -0.022024 -0.0339672 0.0279162 0.0310067 0.00824604 -0.0120602 0.0478335 0.0266473 0.047498 0.00161201 0.0424726 0.00524452 -0.0239489 0.0328274 0.000337559 0.0538006 0.0440731 -0.00359286 4.58735e-05 -0.00690256 0.0206657 0.0274741 0.00457921 -0.00160588 0.0107429 -0.0467682 0.000652372 -0.0304692 -0.0197972 -0.0264957 0.0254899 0.000382955 -0.0346787 0.0558928 0.0453581 0.0383081 0.0447518 0.0329926 0.0213526 0.00372596 0.0361388 0.0163466 0.0268645 0.0398086 0.0115807 0.0113466
internal_weight=342.929 173.23 141.923 169.699 103.263 56.4467 66.4355 42.6703 48.9747 103.467 38.4554 23.0253 46.8165 15.4391 36.9405 13.5994 23.7651 14.9944 50.0682 7.47196 53.3993 19.645 31.307 8.62736 12.9553 11.6756 4.30533 49.0939 4.79759 41.3634 23.2101 11.778 6.49697 7.58618 20.3725 16.2547 5.27884 4.11782 8.70488 8.77072 6.37276 33.2171 2.28758 25.7646 3.54827 2.13039 2.86213 3.83074 8.69595 22.6796 12.2177 10.1988 5.97141 4.65922 5.15662 3.292 37.5326 5.87069 4.90689 31.6619 3.06103 1.96063
internal_count=33424 10820 10065 22604 15071 6376 7533 4247 6002 5855 4210 1762 8695 805 4171 2005 3286 2521 2095 374 3760 2485 755 290 575 1281 231 3529 544 1680 1967 400 178 957 1969 1727 472 242 415 765 503 6690 177 4035 215 112 276 233 1607 465 298 266 228 213 200 130 1447 330 251 1117 133 166
is_linear=0
shrinkage=0.05


Tree=4
num_leaves=63
num_cat=0
split_feature=17 37 26 29 46 62 16 51 54 8 29 54 29 26 17 32 66 23 36 67 34 40 17 40 25 51 17 8 56 39 37 37 46 24 67 29 6 54 62 50 56 56 67 15 46 24 56 63 6 56 15 62 37 56 26 41 62 17 47 15 7 35
split_gain=32.3062 22.4868 8.87123 7.91271 7.04421 6.60335 4.44763 3.99866 6.37917 3.12396 2.77501 2.65878 2.65019 2.46351 2.87518 2.29078 2.18278 1.93774 1.93497 1.93425 1.9078 1.89974 1.9547 1.80723 2.77002 1.91656 1.79505 1.68902 1.64972 1.62861 1.59108 1.58257 1.56437 1.47926 1.43135 1.34091 1.33504 1.29937 1.23773 1.2158 1.25846 1.20241 1.1997 1.18971 1.21571 1.15679 1.48596 1.13311 1.11976 1.1162 1.06264 1.06054 1.0048 1.00207 0.984376 0.972516 0.964423 0.948717 0.919818 0.90371 0.877842 0.872135
threshold=2.5891324970126157 1.7025844739227669 0.68301270189221941 0.37009299461295547 0.80917288317856351 414052.92416303616 -0.0087249174121449263 1.0000000180025095e-35 0.034037379262261323 1.2496668899889056 0.59781696422570962 0.022371944500272595 0.95602462282858636 0.25000000000000011 1.3245974990725518 8.4198541641235369 10.859329395227073 71.402999877929702 -0.015887215880291902 -0.10023373271920426 -0.0054944336639931582 17.049749994277956 1.5922074982523922 17.441999912261966 0.25000000000000017 1.0000000180025095e-35 104.65263156890872 11.91399243640682 -0.31445228427188748 4.0794999599456796 8.7457263961007889 3.3535343343170712 0.8959491246528587 103.4842872619629 0.54539893187535182 1.1037229112335958 2.5807025609867225 0.10253462832813842 1039592.6089242961 -0.0070044385570132142 0.17477460754047378 0.24988629758304076 -0.11050258033690132 1.1644666646025854 0.31999815142370497 100.19087600708009 0.13624858476663318 0.031840698550428377 0.73943684192236481 -0.045326913594960057 -0.61993288750006914 2747326.3118310394 2.8090627330668223 0.28007226754519748 -0.93301270189221919 102.82486724853517 2252949.1468655593 38.365449914932256 0.71834546512733521 -0.21739128487128809 147.09624900817872 0.67782552391298923
decision_type=2 2 2 2 2 2 2 2 2 2 2 2 2 2 2 2 2 2 2 2 2 2 2 2 2 2 2 2 2 2 2 2 2 2 2 2 2 2 2 2 2 2 2 2 2 2 2 2 2 2 2 2 2 2 2 2 2 2 2 2 2 2
left_child=9 2 7 6 -5 11 20 8 17 16 52 54 -6 14 -11 45 28 -2 -9 -15 -4 43 -23 24 25 51 31 48 -1 50 -25 32 33 -17 57 47 41 56 -29 40 -21 -26 -22 44 53 46 -13 58 -10 -44 -18 -12 -7 -16 -3 -35 -24 -8 -33 -14 -56 -20
right_child=1 5 3 4 12 10 34 18 27 13 23 15 59 19 21 26 29 -19 61 39 42 22 37 30 36 -27 -28 38 -30 -31 -32 35 -34 55 -36 -37 -38 -39 -40 -41 -42 -43 49 -45 -46 -47 -48 -49 -50 -51 -52 -53 -54 -55 60 -57 -58 -59 -60 -61 -62 -63
leaf_value=0.046963686379924895 -0.028581018197284827 -0.060056438820075511 -0.068265587325592098 -0.048286409578254814 -0.015604136244008839 -0.0074086409173578826 0.040930930494314059 -0.037307867935037341 -0.00528633181325254 0.061906029478361546 0.018379457744969688 -0.029990327721182874 0.022530940244238018 -0.044398781020820559 0.025092070180353782 0.0032650069501746026 0.053148505316419528 -0.050525188441126967 -0.021137449566418349 -0.066239164584872431 0.058138193405300333 -0.03178387893347015 0.019204639210087363 0.039310758114292917 0.021175795207689665 -0.018165948615443819 -0.019516731216916758 -0.034192725541921119 -0.026115767671255813 0.063542737203777983 -0.014053375345289399 -0.0074014863657788565 0.048715454505530387 0.02072327270466244 0.060332768340509074 -0.038801819987937795 -0.059201177605478397 0.06992902963340368 0.0093993618708992886 0.03986186510549336 0.013943472801533664 -0.039072211324256895 0.044170400753709121 0.06642659460497112 -0.013641600753909021 -0.022097176755010925 0.043447787227681695 -0.039269516447167474 0.048313881363582688 -0.01707552368823128 -0.0004113140275640864 0.051350538132216711 0.029175788727645681 0.063458325015626357 -0.0092995721096203569 0.065848369940352439 -0.033597214801543089 -0.0054589689113489336 0.034408862705921958 0.07782774312250984 -0.045093722505361429 -0.0019387874853817558
leaf_weight=1.5668593971058729 14.385971613228319 1.483527528354897 1.0571779173333204 9.962318529491311 2.537113477010279 8.87584404600784 3.0549394863191974 6.5758361474145195 12.836330022197219 6.3965668603777912 4.2790206652134657 1.1575364922173315 1.3072109897620978 1.881809208076447 5.5258426314685511 17.520505492808297 1.8656309591606262 33.454212978482246 8.2090773202944565 0.70621310011483762 0.89187393453903574 2.2829630421474567 7.228664438473059 24.997279464500028 2.3108452523592855 1.8565578730776913 5.0832465561106792 9.8167974252719414 1.5227806179318601 15.163653053110464 1.4794643843779329 2.4823969581630063 3.4125362704507998 13.67785905767232 6.4223027643747628 2.420176116283983 1.3197070129681376 1.1365709737874556 1.9521789324935515 2.4656596973072729 1.5935566527768967 1.2906949254684148 0.92496540886350009 2.8178487927652887 1.3975521819666026 10.690129142953081 1.7010803844314066 1.1891750446520744 1.0544331553392101 3.8007359243929391 1.8388851010240639 5.6716546472162008 2.3801425581332287 2.4593918072059751 8.4364022894296777 1.3081862772814918 0.9823033995926379 1.7241340570617465 2.7983039696700871 1.6994454034138469 2.1492848044726989 21.170825357548892
leaf_count=40 2712 222 212 1895 318 796 121 1235 1439 106 185 88 86 152 261 1420 38 7192 1214 79 50 105 386 817 110 112 691 1447 64 304 87 168 147 900 228 227 124 30 175 121 109 85 69 65 74 923 99 98 81 439 71 182 134 70 982 66 40 135 163 49 393 2993
internal_value=0.00136741 -0.00587959 -0.0195728 0.00299043 -0.0231469 0.00916919 0.0256624 -0.0264543 -0.0331384 0.034972 0.0224397 -0.000402052 0.0220296 0.0260811 0.0321415 0.0036902 0.0499028 -0.0439264 -0.0127906 -0.00147783 -0.006646 0.0241524 0.0096934 0.0282005 0.0153354 0.0284709 0.00864138 -0.0130254 0.0109453 0.056282 0.0363289 0.0118357 0.0165104 0.0131296 0.0449146 -0.00705199 -0.0161797 0.0198235 -0.0269619 0.0154711 -0.010679 -0.000415466 0.00495026 0.0379356 0.0293792 -0.0145422 0.0137106 0.00482462 -0.0012176 -0.00508781 0.0265619 0.0371722 0.000327345 0.0369086 -0.0219127 0.0246624 0.0128878 0.024195 0.0147543 0.0537862 -0.0165671 -0.00730311
internal_weight=331.642 272.809 142.838 33.3822 15.5061 129.972 17.8761 109.456 73.4999 58.8328 54.4612 75.5103 5.54377 36.8749 30.2277 63.4411 21.9578 47.8402 35.9557 6.64724 6.67475 23.8311 11.6305 43.2052 16.7285 11.8072 49.8924 25.6597 3.08964 18.8682 26.4767 44.8091 35.9191 32.5066 11.2014 8.89005 4.92125 9.34754 11.769 4.76543 2.29977 3.60154 5.61758 12.2006 9.38279 13.5487 2.85862 6.46988 13.8908 4.7257 3.70452 9.95068 11.256 7.98523 12.0692 14.986 8.21097 4.77907 5.2807 3.00666 10.5857 29.3799
internal_count=33424 31309 22090 3602 2348 9219 1254 18488 13046 2115 2632 6587 453 1598 1137 4990 517 9904 5442 461 770 1031 561 1702 798 479 3880 3142 104 413 904 3189 2533 2386 484 656 319 456 1622 309 188 195 558 470 405 1110 187 429 1520 508 109 367 930 331 1597 966 426 256 331 135 1375 4207
is_linear=0
shrinkage=0.05


Tree=5
num_leaves=63
num_cat=0
split_feature=17 37 26 29 46 62 59 51 66 10 45 64 22 17 14 6 22 60 6 51 56 10 17 34 23 23 29 56 62 1 56 46 3 23 4 10 3 40 29 21 46 10 31 14 37 40 61 29 29 45 66 40 9 58 57 56 40 1 6 42 1 35
split_gain=29.8624 19.2018 8.49462 7.81992 5.51148 5.10463 4.54129 3.58898 4.28329 3.16776 3.02351 3.07062 2.92455 2.66233 2.27489 2.04471 2.65713 1.88812 2.12249 2.18362 2.66081 1.87692 1.84167 1.70174 1.62832 1.45549 1.45434 1.41038 1.38835 1.29093 1.27578 1.23379 1.25693 1.31382 1.21713 1.65381 1.45917 1.73437 1.21639 1.70417 1.11441 1.23201 1.11136 1.34431 1.06766 1.06758 1.05021 1.04536 1.07005 1.23143 1.04276 1.03661 1.03166 1.01672 1.22626 1.00998 0.955896 0.946038 0.940749 0.979122 0.93614 0.931541
threshold=2.5891324970126157 1.6850557385275069 0.68301270189221941 0.36531045764382758 0.96979313673656153 556601.70702840947 -0.00098405907414294831 1.0000000180025095e-35 25.988250905268146 0.12926230640130645 1060450.0000000002 0.019866569961414119 105.4300003051758 104.65263156890872 1.5100669456695701 0.7503651082202315 103.34999847412111 0.66993643294645844 4.0108162670642686 1.0000000180025095e-35 -0.82873157139012588 -0.45347740761093669 19.030215697288515 0.0045623897421320789 73.393398284912124 71.402999877929702 0.95602462282858636 -0.24068308616980275 1109814.7085961152 22.335000038146976 -0.045326913594960057 0.53508633656412241 2.3211531459755439 73.554740905761733 1.0549999475479128 0.21632088043626221 0.40441781113506964 18.257249951362613 0.65204701899530004 1.9908367538836804 0.96979313673656153 0.011491479775204485 4.2344999313354501 3.9341452966292185 1.931022425967067 18.685750126838688 0.13700008392333987 0.78548831892270099 1.1613585832446911 2581400.0000000005 106.90573298781037 16.561000061035163 -0.11276028365981731 0.83324477735970226 1.090863390021765 0.091503873125689264 19.795000100135805 16.134999275207523 0.73943684192236481 11.164999961853029 15.324999809265138 0.72279790795992804
decision_type=2 2 2 2 2 2 2 2 2 2 2 2 2 2 2 2 2 2 2 2 2 2 2 2 2 2 2 2 2 2 2 2 2 2 2 2 2 2 2 2 2 2 2 2 2 2 2 2 2 2 2 2 2 2 2 2 2 2 2 2 2 2
left_child=10 2 7 6 -5 13 30 8 22 50 11 21 17 15 45 42 40 18 19 -7 -21 -1 58 -9 57 -10 -6 44 -22 38 -4 32 33 -18 -16 47 37 -37 39 -23 -17 -42 -3 -44 -13 -12 -19 51 49 -49 -8 -36 -45 -48 -55 61 -15 -14 -2 -60 -20 -40
right_child=1 5 3 4 26 12 9 23 25 -11 14 27 24 56 34 16 31 46 60 20 28 29 -24 -25 -26 -27 -28 -29 -30 -31 -32 -33 -34 -35 35 36 -38 -39 55 -41 41 -43 43 52 -46 -47 53 48 -50 -51 -52 -53 -54 54 -56 -57 -58 -59 59 -61 -62 -63
leaf_value=0.063113534412565217 -0.0098188018985852291 -0.023787297385472972 0.031392255945259462 -0.044948821077571095 -0.016951263319245066 0.051654389040635608 0.054312366695462577 -0.03112263625562255 -0.028677649103828435 -0.032561746378251322 0.059958350263051054 0.044488855097335613 -0.015094773386085043 -0.03735074535061049 0.069053291239918976 0.012403228180891955 0.0045062147925158894 0.023779434583318496 -0.049270585375254854 0.084777290311851494 0.03203754420616766 -0.039093268360234287 -0.037195821407657668 -0.0070675876725424872 -0.071305757907687659 -0.047848213712513958 0.047799515776036756 -0.023297370251025306 -0.026617515642054043 -0.021299971437267237 -0.030709107571311012 -0.054014409497244134 -0.043194252577788618 -0.051202693229440738 0.053219916245521942 0.054489605159048299 -0.0051211558453853724 0.0059326018842662219 0.037721731821187585 0.036593706248140546 0.074510673495740351 0.014019062592828757 0.040689946174268563 0.048062659086251451 -0.016250801547707614 0.031897154341152235 -0.05041593008635168 0.0048580852348811005 0.024435424523273519 -0.073524788991283049 0.010452184161140621 -0.013013419099541075 -0.013295588597566519 -0.00017197250696924214 0.057724539147722825 0.059680784554625624 0.015001747721769019 0.031981972557819253 0.057450956314524362 -0.0082543055886619265 0.012287066905511262 -0.013355100597967216
leaf_weight=3.4251830619759849 10.362545110052453 10.061190441017972 1.0568954141344882 10.349103283602743 1.329125564079731 13.04071260313504 9.7930263485759514 10.783779824385418 13.79609354934655 1.3577720257453609 13.547549535520377 1.7807567515410485 3.792052677832543 6.3976560812443486 1.6577627975493694 27.816560235340152 13.741286735050386 10.750417669070886 0.80663840775377993 1.0532023552805183 1.642758117057382 1.4210875150747617 5.9366560601629308 23.104952653637156 1.0043321705888955 35.068668908905238 2.4952059960924089 5.1639294154010695 2.6144337896257639 1.5587098957039405 3.802310893544929 1.3689295621588815 1.8778725182637561 1.1466562710702408 1.4278485006652801 7.4363305957522225 1.9232139824889589 2.4431677043903619 2.9750829664990306 1.5602968055754898 1.607170891715213 1.7672637556679545 1.6617492218501855 0.74663941841572423 1.218562039779499 4.5204013006296 0.86671703844331105 0.8963009496219464 0.98963037598878134 1.1363681701477615 1.5727806659415353 1.0076440779957918 8.3064245448913407 8.3180345252621901 1.0275500246789295 3.1716139025520533 1.0095005042385308 1.4851248555351046 1.1739376850891852 1.0966592698823658 2.6355777562130243 1.2753446968272326
leaf_count=72 1247 1085 84 2065 168 469 322 2164 2734 165 236 73 246 1159 31 1945 1121 428 73 13 75 103 953 3244 148 7785 102 353 149 92 562 112 200 187 59 195 77 113 99 63 45 106 83 45 66 103 53 43 43 68 85 78 801 450 26 96 124 76 62 123 188 56
internal_value=-0.000291059 -0.00766471 -0.0209245 0.00164006 -0.0259952 0.00627963 0.0239167 -0.0279966 -0.0346675 0.0396201 0.0313325 0.0173291 0.0189048 -0.00170796 0.0402491 0.00130426 0.00684624 0.0235851 0.0338901 0.0406481 0.0136201 0.0304793 -0.0142261 -0.0147222 -0.0129519 -0.0424357 0.0252957 -0.0074584 -0.0039838 0.0211349 -0.0172018 -0.0083732 -0.0046466 0.000215564 0.0281307 0.0242003 0.0347249 0.0424816 0.0274928 0.000517239 0.015695 0.0428299 -0.0118534 -0.000647407 0.0198116 0.0529377 0.0128718 0.00144055 -0.018203 -0.038962 0.0482431 0.025817 -0.00823515 0.00138931 0.00619377 0.0383287 -0.0302158 -0.00184624 -0.00343193 0.0257164 -0.00213817 0.0223961
internal_weight=320.163 259.626 133.08 31.7562 14.1734 126.546 17.5828 101.323 67.4346 12.7236 60.5368 23.5506 49.0376 77.5089 36.9862 70.1017 49.3257 42.756 21.7933 18.3511 5.31039 15.3873 18.5698 33.8887 6.28151 48.8648 3.82433 8.16325 4.25719 11.9621 4.85921 18.1347 16.7658 14.8879 18.9183 17.2605 11.8027 9.8795 10.4034 2.98138 31.191 3.37443 20.776 10.7148 2.99932 18.068 20.9627 5.45779 3.0223 2.03267 11.3658 2.43549 9.05306 10.2123 9.34558 7.42204 7.40716 5.27718 12.6331 2.2706 3.44222 4.25043
internal_count=33391 31272 21865 3553 2335 9407 1218 18312 12904 572 2119 1073 2394 7013 1046 5730 3716 1924 967 706 237 581 2385 5408 470 10519 270 492 224 509 646 1620 1508 1308 707 676 385 308 417 166 2096 151 2014 929 139 339 957 291 154 111 407 137 846 529 476 251 1283 322 1432 185 261 155
is_linear=0
shrinkage=0.05


Tree=6
num_leaves=63
num_cat=0
split_feature=17 37 26 16 54 54 46 51 54 22 13 10 45 10 38 6 1 67 63 19 17 40 35 56 50 67 47 42 63 23 66 17 15 10 64 54 6 42 67 6 15 45 23 40 31 13 60 45 35 47 66 46 15 16 35 45 19 46 15 13 13 16
split_gain=26.7788 18.738 8.20982 6.40212 4.88344 3.97246 3.49886 3.46188 4.03179 3.24018 3.76487 2.55294 2.82173 2.4439 2.19883 2.15625 2.10629 2.0959 2.0801 1.98584 1.77523 1.96664 1.73822 2.06243 1.66779 1.5677 1.55952 1.40154 1.36959 1.53642 1.40816 1.34395 1.33994 1.35274 1.27377 1.24271 1.1715 1.27919 1.16251 1.15395 1.14554 1.13633 1.13613 1.09102 1.32815 1.78807 1.32967 1.01826 0.991714 1.03665 0.967765 0.943216 0.936431 0.932915 0.929011 0.900987 1.04106 0.979285 0.945714 0.900622 0.871438 0.857566
threshold=2.5891324970126157 1.6850557385275069 0.68301270189221941 -0.0087249174121449263 0.024129022258512042 0.024981131564161315 0.96979313673656153 1.0000000180025095e-35 0.035609972848681226 105.4300003051758 925850.00000000012 -0.41949774440636756 1505550.0000000002 0.11954385848138972 -0.09319349554660776 0.26060737313806787 16.604999542236332 0.5914632072999243 0.024389795936006434 80.417880568165842 1.3245974990725518 16.491499948501588 0.74673992744216411 0.36630350590642019 -0.0039832885959270583 0.87075792837390609 0.7251414611691287 11.570499897003176 -0.038736101006003158 77.664836883544936 27.05590785780003 19.030215697288515 0.15843107216690336 -0.14403718207403218 0.11947923705060461 0.018189116758146027 0.73943684192236481 11.164999961853029 0.36491625941214051 4.3418868019066776 -0.21739128487128809 116350.00000000001 71.402999877929702 19.393000078201293 3.8589999675750737 1856904.0000000002 0.64712279545525198 3832500.0000000005 0.67461406284918024 0.72878397141558671 27.481405513274087 0.38098620202121575 0.70822741267505973 -0.054400108431043585 0.39690598042084108 1905500.0000000002 88.809891315048262 -0.16899564402095488 0.85185183342291204 3718050.0000000005 2455500.0000000005 -0.11199998269841475
decision_type=2 2 2 2 2 2 2 2 2 2 2 2 2 2 2 2 2 2 2 2 2 2 2 2 2 2 2 2 2 2 2 2 2 2 2 2 2 2 2 2 2 2 2 2 2 2 2 2 2 2 2 2 2 2 2 2 2 2 2 2 2 2
left_child=11 2 7 6 34 13 35 8 42 10 41 53 14 17 -13 -12 48 -5 25 26 38 52 24 -24 -16 39 28 -21 47 32 -31 36 -30 -34 -3 -4 -10 -38 -14 61 -8 -6 -2 44 45 -35 60 -17 -9 -50 -47 -26 -22 -1 -43 56 -29 -57 -59 -45 -46 -11
right_child=1 4 3 5 9 -7 40 16 31 18 15 12 20 -15 22 19 -18 -19 -20 27 21 -23 23 -25 51 -27 -28 55 29 30 -32 -33 33 43 -36 -37 37 -39 -40 -41 -42 54 -44 59 46 50 -48 -49 49 -51 -52 -53 -54 -55 -56 57 -58 58 -60 -61 -62 -63
leaf_value=0.062229476170261179 -0.030739905569790851 -0.02334343559390073 -0.0031101635922997257 0.017166625530256715 -0.032029849656542243 -0.036929796652398289 -0.0062497146443432332 -0.024687083655030192 -0.014369939358525919 0.032977221822423734 -0.041057339570123245 -0.050852421778783186 0.027190222133801057 -0.025750076778140563 0.0047929743271679578 0.011914184968794102 -0.033493167517752775 0.063479990238814385 -0.053230843332561555 0.046856707733962062 0.025050122713004996 0.0060241474851080463 -0.026662280567173444 0.041250860823876488 0.047099446230521508 -0.046181391663694941 0.030052360257848777 0.034294271217271084 0.045504414450498104 -0.037592950095581751 0.022492450000147962 -0.034363690882779324 -0.04535317134238704 0.054715488701507553 0.013567534339913909 -0.038605290112462026 0.052105914893358578 -0.016240750203983911 0.060543705985106971 -0.040867209152283618 0.0495843763829526 -0.048430521478585307 -0.048249057152577761 -0.0013805328304908814 -0.0053962121055675183 -0.066521043018134995 -0.0089117675343192617 -0.027923735239932954 0.0086987721461172264 -0.017098217024482505 -0.0075862455646611322 0.0066622943004763114 0.058178102890549713 0.029278720955847555 0.0033950649978257809 -0.0084691800638622954 -0.022045474828860455 0.015294107362033078 0.0434548814978441 0.047259204876747868 0.045626436333932735 0.0013263722655961852
leaf_weight=7.3381898961961269 13.280614188872276 15.073081781622024 3.2325962900649818 3.8743436045479012 3.399413188686597 2.0617399746552101 1.6650240593589845 5.4204366453923312 10.701378724537792 2.693017951911318 1.435546769062056 1.3142073291819567 3.792851738631728 1.3229175021406252 6.152105409884828 2.7072642175480714 10.086274261819197 6.6116448442917317 2.273481016047298 9.5331774801015872 4.3764100193511677 7.4344995131250462 4.0497282606083891 1.544199379161 6.9718073145486397 1.7993988653179247 11.406826434656976 1.3513030849862873 3.9502365752123394 2.5042342464439562 1.5969343013130126 6.6231277578044674 0.93237170809880865 0.68150325189344085 2.7662797877565017 10.396681572776286 1.5575884052086615 1.2214858802035449 8.3946272972971183 1.3412026586011041 2.049350273795425 0.92359128361567755 30.640218781074509 1.2551708032842714 1.0649552037939427 1.3283472601324322 2.6954549581278116 3.9360248900484294 11.32617050711997 5.9350469571072599 1.4645899103488771 1.8181598037481306 4.1616741428151727 3.0371345567982626 13.564410493010653 1.5865472047589744 2.0852322047576308 4.6976099070161537 8.1601905138231796 3.9362749739084393 3.9071238317992538 10.423797835595908
leaf_count=126 2755 2149 365 203 373 385 141 945 1387 158 125 94 99 165 374 209 2147 138 375 292 144 354 246 60 238 159 583 68 158 198 121 1211 64 32 248 2044 65 149 110 167 112 86 7337 82 73 125 151 302 1434 882 111 87 82 105 1141 100 130 240 309 172 193 713
internal_value=7.89136e-05 -0.00702407 -0.0205103 0.00178767 0.00662547 0.0271084 -0.0184627 -0.027701 -0.0344659 0.0106069 0.0145229 0.0300128 0.0253301 0.038289 0.0118471 0.0196095 -0.0144834 0.0463682 -0.0084343 0.0208399 0.035792 0.0248259 0.0158596 -0.00791491 0.0247602 -0.00216983 0.0141812 0.0313735 0.00851672 0.0138188 -0.0141966 -0.0159201 0.0192343 0.0132239 -0.0176198 -0.0301865 -0.00685856 0.0220655 0.0501638 0.00330771 0.0245559 -0.0060132 -0.0429547 0.0165677 0.00774684 -0.0178978 0.0193674 -0.011689 -0.00602997 -0.00017119 -0.0356162 0.0387352 0.0411975 0.0525839 9.12512e-05 0.0231186 0.000108255 0.0285931 0.0331663 0.0354992 0.034698 0.00782462
internal_weight=314.867 254.481 128.007 31.2143 126.475 13.8706 17.3437 96.7923 64.0244 108.635 90.1043 60.3856 50.0103 11.8089 21.8502 72.2169 32.7679 10.486 18.5309 70.7814 28.1601 15.9726 20.536 5.59393 14.9421 16.2574 43.3673 27.4141 31.9605 25.3172 4.10117 20.1036 21.216 17.2658 17.8394 13.6293 13.4805 2.77907 12.1875 14.458 3.71437 17.8874 43.9208 16.3334 11.142 3.47444 7.66753 6.64329 22.6817 17.2612 2.79294 8.78997 8.53808 10.3753 14.488 17.8809 3.43654 14.4443 12.8578 5.19145 4.97208 13.1168
internal_count=33391 31272 21865 3553 9407 891 2662 18312 12904 7010 5438 2119 1888 506 1099 3838 5408 341 1572 3713 789 580 1005 306 699 1197 2574 1139 1991 1480 319 2812 1161 1003 2397 2409 1601 214 209 1038 253 1600 10092 939 685 268 417 511 3261 2316 236 325 226 231 1227 847 198 649 549 254 266 871
is_linear=0
shrinkage=0.05


Tree=7
num_leaves=63
num_cat=0
split_feature=29 8 37 40 26 37 58 51 8 17 10 13 1 54 54 67 60 46 15 40 45 60 60 50 48 3 60 62 6 20 10 35 1 46 47 15 18 67 56 41 44 39 54 8 3 61 50 37 16 61 35 41 32 32 10 31 47 10 64 69 8 15
split_gain=21.9997 9.44514 8.89214 4.73092 5.58549 7.41389 4.99084 3.71351 4.2687 3.30131 3.12968 2.89659 2.27694 2.21403 2.06534 1.99342 1.85157 1.83882 1.80892 2.15819 1.71478 1.8173 1.6996 1.58255 1.49604 1.43023 1.29587 1.3187 1.35051 1.5524 1.27354 1.19097 1.15933 1.13981 1.11141 1.19187 1.09942 1.29871 1.58275 1.54736 1.09252 1.08579 1.08336 1.22985 1.57888 1.13277 1.48712 1.04816 1.02495 1.01555 1.13134 1.70229 0.978334 0.974279 0.954159 0.920131 0.906746 1.06923 0.889329 0.879488 0.876359 0.875227
threshold=0.58833962469901691 1.7021775470422382 1.6771874659276946 22.554500150680546 0.68301270189221941 1.6850557385275069 0.93091124015932658 1.0000000180025095e-35 2.5260230078620585 111.93333524703981 0.13243631504152534 1370050.0000000002 16.604999542236332 0.054981879263808507 0.022096475753537227 0.5914632072999243 0.57857067790625361 -0.40127041411470249 -0.21739128487128809 17.43199992179871 880150.00000000012 -0.02410241294589829 -1.6993199924796256 -0.00060732999591134307 -0.0059484711146635992 0.44488004585309199 0.54848888347502911 556601.70702840947 4.0108162670642686 93.804525334811146 1.7452884094647489 0.3397062862794244 21.889999389648441 -0.034217848657010934 0.72476038645203589 1.8970471404550711 78.04975258920426 0.57096640368771168 -0.53737658030877122 4.6006643772125253 0.38472242080271007 4.4045000076293954 0.10253462832813842 0.95048075338751292 0.094517551181077866 0.1169998645782471 -0.0091025103173636417 3.9936208013532855 0.0023671989279288046 0.097000122070312514 0.64953899102822454 15.590227603912355 17.2216911315918 13.212924003601076 1.4789932921174842 4.9379999637603769 0.70057362883110608 0.16865025364655375 0.11947923705060461 0.0023268688443128854 1.3605177729199927 0.78126584737399907
decision_type=2 2 2 2 2 2 2 2 2 2 2 2 2 2 2 2 2 2 2 2 2 2 2 2 2 2 2 2 2 2 2 2 2 2 2 2 2 2 2 2 2 2 2 2 2 2 2 2 2 2 2 2 2 2 2 2 2 2 2 2 2 2
left_child=3 20 13 4 5 7 -6 8 24 14 15 34 56 -3 58 -8 54 25 -15 -20 21 31 -19 -23 -1 61 27 32 30 -30 -29 -2 41 -26 35 -4 37 38 -28 -40 59 47 43 -22 45 46 -45 -24 -17 -39 -51 -52 -34 -49 -16 -10 57 -9 -7 -41 -47 -13
right_child=1 2 11 -5 6 9 10 12 55 -11 -12 17 -14 18 16 48 -18 22 19 -21 42 23 26 -25 33 -27 36 28 29 -31 -32 -33 52 -35 -36 -37 -38 49 39 40 -42 -43 -44 44 -46 60 -48 53 -50 50 51 -53 -54 -55 -56 -57 -58 -59 -60 -61 -62 -63
leaf_value=0.055673079011380203 0.069679451206936069 -0.027433485441767089 0.0097009868283207731 -0.061004068933135827 -0.027977849943178652 -0.024044671787426877 0.011829274032860625 0.025076085400196055 -0.045197246729623143 -0.03767169081600881 -0.028833116380980118 -0.014484551551867404 -0.034091406180557768 -0.015199681301607773 0.015812272684971183 0.015511237918882757 -0.0074830687315849817 -0.035700633894160248 -0.044718554612020039 0.035342691841272672 0.073776589822237018 -0.015606946198325531 -0.0082648168314943642 0.029250424742336835 0.035080017410532092 -0.027544710711399356 -0.053865000088675619 0.048956378465726744 -0.048613146238723315 0.037377082292512742 0.0063098164684715664 0.014411701472451056 0.009011182546596639 -0.046651942871466179 -0.019904753971818762 -0.034855116008436091 0.026926321929643462 0.040210822535110782 0.03172906715648529 -0.0042721634568198595 0.025003509515183171 0.036677627948359548 0.011847817319775515 -0.020327708930226188 0.061106907209654039 0.059282523927463728 0.037126902930984577 0.055861097397829879 0.060520176837581853 0.030540809275213285 -0.049806576578969086 0.020982538127547037 0.069581328490121649 -0.0070898924459648046 0.06042979701276481 -0.028992011020776438 -0.0094819096833479166 -0.037574654216769046 0.014727244652746375 -0.060790162322843413 0.018429670208788222 0.031735986475074959
leaf_weight=1.5189732362050565 2.4502295174170285 18.297512217308395 15.01919212355279 5.1487158368108785 5.8248535236343768 7.599876480875535 5.2893609600141627 4.2130943385418567 27.532778475899249 5.3665040438063434 2.200572535628452 1.5960906937252719 8.6473580035381001 9.1124635657761228 20.227765327785171 1.5819597416557369 10.117527942638842 1.2581137770321209 1.0287422293331463 4.6310700031463057 3.6924029402434888 3.9837426531594247 6.2230229778215271 3.8823818634264153 0.73806261760182668 3.4974744296632707 1.4825170948170123 14.242261460283776 0.89811553806066458 1.2629241370595989 1.9959171884693194 1.6187274716794489 1.0543924046214663 1.0107123493216921 5.9603447422850868 1.6675602362956841 12.626599244540555 3.7779750297777337 2.7781481719575876 1.3093028031289584 1.0967871414031831 3.2338647169526658 2.3557333876378825 2.0640577082522213 6.5303941080346695 3.6301888120360672 2.4788112314417976 1.4888554746285083 6.3102736193686724 2.8702044461388141 1.5924291617702695 1.8197619752027092 1.8129644289147107 1.0467682525049893 1.2737085698172439 12.846606167964636 15.548790923785416 0.81232532276771952 1.836372044868767 1.4513221560046075 2.0563444923609495 2.8585519385524094
leaf_count=58 46 3097 1132 1131 1013 1144 404 347 6825 1027 364 85 1938 1218 1402 135 806 108 125 352 46 196 451 122 38 273 85 361 75 63 92 74 68 128 519 150 454 151 118 94 56 172 69 77 82 74 70 57 134 127 93 104 70 89 48 2769 2416 95 138 103 85 148
internal_value=0.000206434 0.0127815 0.00654911 -0.0139304 -0.0122053 -0.0164088 0.0114391 -0.0263578 -0.0355934 -0.000791663 0.0263654 0.0142573 -0.0125629 -0.015809 0.00402908 0.0355804 0.0101555 0.0190877 -0.00141048 0.0207906 0.0359209 0.0205651 0.0218513 0.00653273 0.0193728 -0.00361371 0.0229815 0.0298253 0.0387727 0.00164004 0.0437145 0.0476926 0.0187469 -0.0121573 -0.00137153 0.00524835 0.0155925 0.00772012 -0.00715734 0.00327808 -0.0172126 0.0119179 0.0439563 0.0476547 0.0418997 0.0296379 0.0110223 0.00277617 0.0514984 0.0197253 0.00740612 -0.0120539 0.0473083 0.0298734 0.0184553 -0.0400416 -0.00351446 0.014949 -0.0164993 -0.0339849 0.0445095 0.0151752
internal_weight=309.38 163.734 128.991 145.646 140.497 119.29 21.207 72.8687 43.6471 46.4218 15.3822 95.9215 29.2216 33.0698 41.0553 13.1816 31.619 73.2744 14.7723 5.65981 34.743 11.9351 65.3222 7.86612 3.26775 7.95212 64.0641 33.2591 18.3992 2.16104 16.2382 4.06896 14.8599 1.74877 22.6471 16.6868 30.805 18.1784 8.11808 6.63556 3.85741 11.9925 22.8079 20.4522 16.7598 10.2294 4.54287 8.75865 7.89223 10.0604 6.2824 3.41219 2.86736 2.53562 21.5015 40.3794 20.5742 5.02542 9.43625 2.76062 5.68653 4.45464
internal_count=33391 11031 10090 22360 21229 19179 2050 14614 9818 4565 1037 5298 4796 4792 3538 673 2256 3497 1695 477 941 438 2991 318 224 506 2883 1498 591 138 453 120 907 166 1801 1282 1385 931 456 371 253 769 503 434 388 306 147 597 269 475 324 197 138 146 1450 9594 2858 442 1282 197 159 233
is_linear=0
shrinkage=0.05


end of trees

feature_importances:
SMA_200=25
WTI_Beta_60d=22
LoRatio_52w=20
VIX_RealVol_Ratio=20
ROC_6m=19
ROC_12m=19
SectorETF_60d_Corr=19
Wheat_Beta_60d=17
RollingStd_20d=16
ATR_14=14
HistVol_30=14
VIX_20d_Avg=14
Copper_Return_20d=14
HiRatio_52w=13
DXY_Level=12
VolumePriceTrend=12
Month_Sin=11
Volume_lag_5=11
HYG_Level=10
VIX=9
RollingSkew_20d=9
CurveSlope_10M3M=9
EMA_50=8
Volume=8
DXY_Return_20d=8
Wheat_Return_20d=8
EMA_200=7
EarningsSeason=7
MACD=6
LQD_Level=6
HYG_Mom_20d=6
MACD_Signal=6
Close_lag_20=6
HYG_LQD_Ratio=6
Open=5
ROC_20d=5
Close_lag_5=5
RS_vs_SPY_20d=5
Copper_Beta_60d=5
BB_Mid=4
STOCH_D=4
STOCH_K=4
Return_1d=4
Treasury3M=4
RollingMean_20d=4
BB_Lower=3
BB_Upper=3
Month_Cos=3
Treasury10Y=3
Close_lag_10=3
PriceToHigh_5d=3
PriceToLow_20d=3
WTI_Return_20d=3
LQD_Mom_20d=2
PriceToHigh_20d=2
RS_vs_SectorETF_20d=2
High=1
ROC_5d=1
Return_20d=1
GoldenCross=1
EMA_Slope_20=1
RollingSharpe_20d=1

parameters:
[boosting: gbdt]
[objective: lambdarank]
[metric: ndcg]
[tree_learner: serial]
[device_type: cpu]
[data_sample_strategy: bagging]
[data: ]
[valid: ]
[num_iterations: 800]
[learning_rate: 0.05]
[num_leaves: 63]
[num_threads: 0]
[seed: 42]
[deterministic: 0]
[force_col_wise: 0]
[force_row_wise: 0]
[histogram_pool_size: -1]
[max_depth: -1]
[min_data_in_leaf: 50]
[min_sum_hessian_in_leaf: 0.001]
[bagging_fraction: 0.85]
[pos_bagging_fraction: 1]
[neg_bagging_fraction: 1]
[bagging_freq: 5]
[bagging_seed: 400]
[bagging_by_query: 0]
[feature_fraction: 0.85]
[feature_fraction_bynode: 1]
[feature_fraction_seed: 30056]
[extra_trees: 0]
[extra_seed: 12879]
[early_stopping_round: 0]
[early_stopping_min_delta: 0]
[first_metric_only: 1]
[max_delta_step: 0]
[lambda_l1: 0]
[lambda_l2: 0]
[linear_lambda: 0]
[min_gain_to_split: 0]
[drop_rate: 0.1]
[max_drop: 50]
[skip_drop: 0.5]
[xgboost_dart_mode: 0]
[uniform_drop: 0]
[drop_seed: 17869]
[top_rate: 0.2]
[other_rate: 0.1]
[min_data_per_group: 100]
[max_cat_threshold: 32]
[cat_l2: 10]
[cat_smooth: 10]
[max_cat_to_onehot: 4]
[top_k: 20]
[monotone_constraints: ]
[monotone_constraints_method: basic]
[monotone_penalty: 0]
[feature_contri: ]
[forcedsplits_filename: ]
[refit_decay_rate: 0.9]
[cegb_tradeoff: 1]
[cegb_penalty_split: 0]
[cegb_penalty_feature_lazy: ]
[cegb_penalty_feature_coupled: ]
[path_smooth: 0]
[interaction_constraints: ]
[verbosity: -1]
[saved_feature_importance_type: 0]
[use_quantized_grad: 0]
[num_grad_quant_bins: 4]
[quant_train_renew_leaf: 0]
[stochastic_rounding: 1]
[linear_tree: 0]
[max_bin: 255]
[max_bin_by_feature: ]
[min_data_in_bin: 3]
[bin_construct_sample_cnt: 200000]
[data_random_seed: 175]
[is_enable_sparse: 1]
[enable_bundle: 1]
[use_missing: 1]
[zero_as_missing: 0]
[feature_pre_filter: 1]
[pre_partition: 0]
[two_round: 0]
[header: 0]
[label_column: ]
[weight_column: ]
[group_column: ]
[ignore_column: ]
[categorical_feature: ]
[forcedbins_filename: ]
[precise_float_parser: 0]
[parser_config_file: ]
[objective_seed: 16083]
[num_class: 1]
[is_unbalance: 0]
[scale_pos_weight: 1]
[sigmoid: 1]
[boost_from_average: 1]
[reg_sqrt: 0]
[alpha: 0.9]
[fair_c: 1]
[poisson_max_delta_step: 0.7]
[tweedie_variance_power: 1.5]
[lambdarank_truncation_level: 100]
[lambdarank_norm: 1]
[label_gain: ]
[lambdarank_position_bias_regularization: 0]
[eval_at: 5,20,50,100]
[multi_error_top_k: 1]
[auc_mu_weights: ]
[num_machines: 1]
[local_listen_port: 12400]
[time_out: 120]
[machine_list_filename: ]
[machines: ]
[gpu_platform_id: -1]
[gpu_device_id: -1]
[gpu_use_dp: 0]
[num_gpu: 1]

end of parameters

pandas_categorical:[]
